  1.0164957261764876e-001  2.8907203592317565e-001 -2.8676502138024335e-001  1.2186561898498760e-001  5.5645086001709183e-003 -2.2303152232011716e-001 -1.9472780156683830e-001 -1.1871118435712651e-001  1.3820926976639555e-001 -3.7828569753503592e-002  3.1455031954354817e-001  4.4879834039596160e-002  1.2570115974584642e-001  2.1140455372781417e-001 -3.9649477833532365e-001  2.1679987185764366e-001  1.7344339781568791e-001  5.2056332307144633e-002 -2.2865567162758060e-001 -1.7242636884768059e-001 -1.8765349832665177e-002 -2.4509776196621350e-001 -4.2909543123452715e-002  8.5203923937578557e-002 -2.8073675525156255e-003 -2.6943464925441979e-001  2.0426160640129701e-001 -7.7308575007001668e-002  1.2110828066102342e-001 -4.1711930791048353e-002
 -6.3566881287388313e-002 -6.3665325264034928e-002 -9.8612595462416075e-002 -1.0014364585581643e-001 -1.4493349141275022e-001 -4.1766780198875544e-002  3.6929813921174637e-001  1.1774688957741393e-001  1.9505102110413464e-001  1.0671307555259535e-001  1.0888593527153370e-001 -2.2768051668524378e-001  1.9400190759083166e-002 -1.1331946665525390e-001 -8.5754271851455760e-002  1.8683947884714769e-001 -2.1540773577936831e-001 -2.7527136459375956e-001 -2.4996069817518474e-001 -4.3423348482698000e-002  2.1024671926158417e-001  6.3986861307670001e-004  3.9221941156458107e-001  1.1354160173324693e-001 -3.7623726249288902e-001  1.1874606989760618e-002 -1.0259435399326221e-001  1.7356454384129819e-001  1.0525158160810666e-001 -1.9913140371478291e-001
  1.7160675664180461e-001 -3.9406430050305384e-002  1.1335061164399883e-001 -4.0078983318360750e-001  2.5266241235494162e-003 -8.6589027982714693e-003  1.3968176795867940e-001  5.3950862292307972e-002  4.5357401760888799e-001  2.7416554845722513e-001 -2.0120102931824305e-001  1.0786018168385161e-001  1.1215507852777834e-001 -8.5221756325363454e-002 -3.6565694622393584e-002  7.6816008728111451e-002  8.3861599394009792e-002  2.5854807960750176e-001 -1.0666415655920922e-002 -5.2663688704334952e-002  4.6050815312167294e-002 -2.8743353982457148e-001 -2.2690225101958856e-002 -3.6380368816751676e-002  2.8497320149377114e-001  2.0056353219635795e-001  2.7387241616454305e-001  2.0574639118739677e-001 -7.6498820435292283e-002 -7.0383729246172019e-002
  2.7759543810887838e-001  3.7203534961675180e-002  1.8861529136965750e-002 -2.6211112054887220e-001  4.9253846010095254e-001  1.0261612034343869e-001  2.2224353035271752e-001  2.3196285890739940e-001 -1.6432202957579581e-001 -2.5097415776389731e-001  3.0930716388123813e-001 -1.3324284074970702e-001 -7.5053318390078116e-002  4.3152726023622252e-002 -2.0505081318573026e-001 -7.2450743694641379e-003 -3.4766623970803961e-002 -1.6033203331705570e-001  8.7403118688193837e-002 -1.0101450179604810e-001 -3.6966875511345462e-002 -1.5208663498307698e-002  3.2052127606547872e-003 -1.4309051818892518e-001  2.6899895343801061e-001 -2.1838249567058324e-002 -1.5800180441744441e-001  9.3399562516238085e-003 -1.9639985053639275e-001 -1.9966047975462550e-001
  9.8719606976666985e-002 -2.2679646112009319e-001 -2.5254146449215054e-001  5.2801262983948508e-002 -1.9334483922287271e-001  2.1559967509050282e-001  2.9372216194092204e-001 -1.6119018462614909e-001  1.5819279073280304e-001  8.6250797609054478e-002  1.1385968059614064e-001 -2.7752413275486176e-001  1.8174263574348862e-001  2.5233330985445079e-001  3.8988626915871225e-002 -8.9297046968021973e-002  1.6819065608949466e-001  2.7870318713320774e-001  2.3598261494637288e-001  2.4497149087144759e-001 -1.9325224766402849e-001  1.8121744120277616e-002  2.4033666844448459e-003 -1.4803728856015086e-001  6.9414945214257520e-002 -2.7338951414303636e-001 -2.3466893106435363e-001  3.9760315729323557e-003  1.3804596199533947e-001 -1.1192640635625034e-001
  1.3549989414998383e-002 -1.5897918291945926e-001 -2.5769968673333993e-001 -1.7847415331201541e-001  1.0885546020927407e-001 -2.1833024267810881e-002  1.1850247261564915e-002 -4.1278263289268491e-001  2.0744877014688398e-002 -2.1183337363018903e-001 -9.6550209707529533e-002  4.5390162748620316e-001 -2.4632751256734814e-001 -2.9672556469413049e-002  2.5745054803161548e-002  8.5977609295789011e-003 -4.1712243859412529e-001  1.2446362871527113e-001 -6.1058126254324656e-002  1.4976678374594685e-001  3.4247161761674721e-002  2.4894537273179276e-002  1.0477176440902719e-001 -1.4765843280100496e-001 -2.6208389465230564e-002 -2.1326752653532252e-001  8.5908463522269066e-002 -2.1833389903042136e-002 -8.1770481463965677e-003 -2.5723522049513087e-001
  1.8507347206915797e-001  1.5758035573018975e-001  3.2477251416465375e-002  4.5130715356132411e-001  1.9946842670449538e-001  3.7564752754982783e-001  1.2143124851101970e-001 -1.9712551151710206e-001 -1.3251075393884892e-001 -1.4209059076039393e-001 -2.8826114910073092e-001 -1.8497202703143684e-001  1.2680812080974430e-001 -1.8806334431661748e-001  3.7059389204709331e-002  8.3348640783954236e-002 -2.7389917097839694e-002 -2.3383972318880147e-002 -1.0674018659465959e-001  7.7797460563735446e-002 -1.1736160831762470e-002 -2.2937486599785303e-001  6.8854718986250396e-002  6.2894265953050102e-002  8.6531406943091707e-002  1.6356035494155557e-001  2.3597247253073309e-001 -2.8318894910640846e-003  2.1650296150916884e-001 -2.6430986667164025e-001
  1.3594932566906506e-001  3.0741913685147482e-001 -1.5350247009863083e-001 -1.4464531358364677e-001  4.5692612205188832e-002 -5.1899481967423292e-002 -5.0231333767597378e-002 -2.6647001189789654e-001 -3.0292745586881901e-003  1.4146782060332169e-001 -1.4946656543309728e-001 -1.3255052878573606e-001  2.5460502127144202e-001  2.4464274994716803e-001  5.3358146423801309e-002 -4.8068455680852779e-001 -1.0429863563017264e-001 -4.4814506124222976e-002 -1.9163684292503938e-001 -4.2576212589851017e-002  2.7555754976516939e-001  2.6721613784220871e-001  6.2211642861562041e-002  2.5690631465818131e-001  1.6228224894403531e-001  8.9133019219264253e-002 -1.2490013620001809e-001 -3.8948084012320354e-002 -1.4279610212423541e-001 -7.2697548156718750e-002
  3.9067261574118939e-002 -3.0372935377199672e-001 -1.7810842626246476e-001  4.5519972846381249e-002 -4.7520789980267097e-002  1.7515992233757294e-001 -1.1875763424877415e-002  1.0366344641108381e-001 -1.2206184268571521e-002  2.8085110829039478e-001  3.1488849823259546e-001 -8.3022211476051020e-003 -9.3588339545724653e-002 -2.7730885609242067e-001  7.2258851512063405e-002 -2.5231841396489530e-002 -2.3915419607575888e-001  1.5804886479347250e-002 -3.3946200561007328e-001  3.4702714875421953e-002 -1.1175215790045064e-001 -1.0080015898204227e-002 -2.4868686049393682e-001  3.6285510582611696e-001  3.0616534406622098e-001  1.7401570953453942e-002 -2.9360361797943135e-003 -2.8626680055921755e-001  2.8433878851802184e-002  4.5232477160892424e-002
 -2.6023600115933015e-001 -2.1499575729520948e-001  1.4000482194111011e-001 -9.2093913503942457e-002  1.9762492844673585e-001 -1.1606809603631330e-001 -1.4349110200934220e-001 -2.4003309876225815e-001 -3.0764897766430030e-002 -1.5151291610765563e-001  1.3480695409374810e-001 -1.0061335421716092e-001  1.5837154489540492e-001  1.9952736779194315e-002 -1.8012745424870008e-001  1.2796569379800690e-002  8.4688795023740743e-002  2.3027670832848535e-001 -3.4350804865163048e-001  2.3464834876862828e-001 -6.2028515772852018e-002 -1.4119879636686303e-001  2.3594051722401366e-001 -1.3255055751508624e-001  4.0882733724062072e-002  4.2128862686416868e-001 -2.7664483637312820e-001 -7.1654030097950766e-002  8.3226723124540741e-002  1.3755813335155220e-001
 -1.1453132803044509e-001  5.0161034679444114e-004  6.3330829839362057e-002 -1.9012722764004100e-001  3.1994691601521748e-002  3.7475410260706395e-002 -1.0651833891466217e-001  2.5865724489865410e-001 -2.5243252362585583e-001  1.8181385373108419e-001  5.9821419323566952e-002 -3.8277813560677741e-002  3.2519546628376822e-001  1.1502545808617184e-001  1.0909906763059674e-001 -6.2217188760584158e-002 -2.2015238873256468e-001  1.1693860325273177e-001  7.1701439389174046e-002  6.3531502398287476e-002  3.2856705985009121e-001 -2.5477116399848937e-001 -1.1372880636607330e-001 -2.8036439311886868e-001 -1.9616703427550175e-001 -6.4796023784403772e-002  1.4803341992172783e-001 -3.9103954522623335e-001  1.8421575628361483e-001 -2.0567728172193261e-001
 -3.0659016189985566e-001  1.3312718600651358e-001 -8.9034010206984190e-002 -2.6771359515466603e-001  3.0206030171609105e-001 -7.7602389327931426e-002 -1.5530031921647092e-002 -1.0534331733991420e-001 -1.2306870860450268e-001  3.8876319123848979e-002 -5.7248130601958505e-002 -7.9016053136885908e-002  6.6814488742557396e-002 -1.0461884702108182e-001  4.1576604583960663e-001  3.5093232220868503e-001  2.7461401855080658e-001  6.1276192273981792e-003 -7.5015880898495910e-002  9.9830927797378968e-002  2.5253107058639861e-002 -5.4855431328839311e-003 -2.3975363689231030e-001  2.4511197130948500e-001  1.7417557421154497e-002 -2.2523540216036722e-001 -1.6543629204672444e-001  1.9938153032978617e-001  7.6704024549593866e-002 -1.7077817036674711e-001
  6.6895339911200464e-003 -3.0659953050316126e-002  1.0272965845804866e-001 -6.7216487667937946e-002  1.4210487621784515e-001  1.3558864128910050e-001 -1.1894510681984643e-002 -1.2056119870765801e-001 -2.0096507361536207e-003  2.5051991430019005e-001  5.3355200123323884e-002  1.0019225153719218e-001  4.0156227713089121e-001  1.7081089509279365e-001 -2.6119138618403325e-005  2.6729231209436249e-001 -1.3258462573464175e-001 -3.1264199860298991e-001 -1.0852024420513201e-001  8.5496885146382304e-002 -3.8834820528282776e-001  4.1292322461932435e-001  6.3405624124030216e-003 -2.1064307306747521e-001 -2.9107271013949960e-002  9.3323532210054429e-003  2.8247031266947714e-001  3.1713187012826952e-002 -3.9425224995896978e-002  9.8698120103073078e-002
 -3.2606600436516320e-001 -6.8531957317600659e-002  4.5544468224037633e-002 -1.1555168208661482e-001 -1.7825174102936656e-001  5.8712095511173887e-002 -1.1765576068605013e-001 -1.9746247788481788e-001 -1.6204447647757614e-001  7.9117267317619006e-002  2.7504986174942669e-001 -1.5815819836945361e-001 -1.3278630206979702e-001 -1.5796297078398455e-001 -6.8086866847267780e-002 -3.7128640170365262e-001  2.4920682322750803e-001 -2.2500859368947737e-001  3.6929236094847336e-002  7.9400528309384308e-002 -5.0444987301499461e-002 -8.0064636139579815e-002  1.0474158150568180e-001 -8.2049993819309983e-002  9.7430910004911706e-002 -4.4897124011706036e-002  4.1381288616302425e-001  1.9616802576193890e-001 -1.1894214294232994e-001 -2.9121555285078454e-001
 -3.3743600237664748e-002 -3.9881061790095325e-002 -9.7921813755167258e-002  6.8634790653546662e-002  3.3958427065187879e-001  5.7144797003558880e-002 -9.1178213005162698e-002 -2.0044401863158703e-001  4.0432500907917257e-001  1.8809302975576175e-001  1.2077786335462118e-001  3.8280318129714316e-002 -1.7521362545123614e-001  1.2450303785453637e-001  2.8567486536212522e-001 -5.5737209491367512e-002  1.1466442561705872e-001 -3.5885530134843846e-001  2.8373847564034077e-001 -8.6293162345031274e-002  3.1540189437001685e-003 -2.4461095883440617e-001  1.6002934713033515e-001  1.5339169328660411e-002 -1.0756166643777280e-001  1.5252737894237089e-001 -4.8897143473419717e-002 -3.3632943926296299e-001  1.8316757659536213e-002  6.1829893198987192e-002
  1.4240466715456365e-001  1.5321457769660388e-001  3.7285641983131007e-001 -1.5709675433123080e-001  2.1981357096489298e-001  7.5143347947368169e-002 -2.2848776191820891e-001  1.7141652310488451e-002  1.3215246272666265e-001  8.2925593214327811e-002  6.5045737701111245e-002 -2.1087097725917006e-001 -1.9185388072821907e-001 -6.3592974932336566e-002 -1.1947725369276378e-001 -1.0561979878742121e-001 -1.8288882151273664e-001  1.5135418938215822e-001  1.0826355082329937e-001  3.2237181825723915e-001 -4.1945451418622409e-002  7.3074125815219021e-002  1.9921301547571402e-001  2.4798156337561747e-001 -8.3769381491587191e-002 -3.3876122758724819e-001  1.0237348901353931e-001  5.9087287484771163e-002  3.0163410774867983e-001  1.9936630448367115e-001
 -2.0694916791897004e-002 -7.9446972591107529e-002  8.0485928964660960e-002  2.5362252509829203e-001  9.7914358141403673e-002 -1.9941627515551485e-001 -6.2481369113188072e-002  9.0048187296890222e-002  4.7491466802618267e-002  2.0719020857347664e-001 -8.3481721603197626e-002  3.6863449368943792e-002  3.1196842419712864e-002 -2.6821558105995552e-001 -2.1514495727349932e-002  1.5227077446092127e-001  2.3222531207789465e-001  1.0479941207418143e-001 -1.4919103780317551e-004 -1.4117832287631294e-002  2.3854539677645265e-001  3.2427455140484718e-001  4.1029197491955305e-001 -1.7292072214480383e-001  3.2226831084112129e-001 -2.5569948322185743e-001 -3.7817547582687572e-002 -2.7070521677220460e-001 -1.0379129395551044e-001 -1.7573957645103017e-001
 -1.8605460547463779e-001  2.5057635463170563e-001  6.7617294218309523e-003 -3.0027427985348978e-002 -9.0698351662483107e-002 -1.0861114650677829e-002  3.4667938608492671e-001 -7.6820374362777763e-002  5.1795188478884625e-002 -1.4409782286993017e-001  1.2304688755604394e-001 -2.3778574893246746e-001 -3.0165909481329400e-001  2.1241680363756868e-001  8.4902799447817701e-002  2.6136020343724486e-001 -2.7256101625377265e-002  1.5920276021915677e-001 -5.7895096521011109e-003  2.2819303431099655e-001  2.0150668235139793e-001  1.8442046276866697e-001 -6.7578701569231375e-002 -7.7796341011815862e-003  1.0202752769307531e-001  1.7086491478664886e-001  3.4857155228386888e-001 -2.9048194696238494e-001 -1.7725434398512266e-001  1.6157580132988070e-001
 -3.3330180733706594e-001  9.3920694876252500e-002 -1.0888451131033554e-001  2.8218050676608508e-001  3.3743482776432993e-001 -2.7984333600756145e-001  2.4412147571491902e-001  1.7486113420742802e-001  1.2149136831785830e-001  2.7701883991390991e-001 -2.2394849868648964e-001 -2.8510431226916117e-002 -1.1802827287860457e-001  2.3800046077563572e-002 -2.7218620632090912e-001 -2.5670392393724212e-001 -1.4349776532781180e-001 -3.1483351131707409e-002 -6.7399833334601630e-002  2.2633940659978288e-001 -1.4400590013832085e-001 -6.4493332638492079e-002 -2.7006921891116609e-001 -1.3893461065743171e-001 -2.1908778686972719e-002 -5.5515643760871522e-002 -2.4198146629657243e-002  9.1229493980935591e-002 -3.6402033505581660e-002 -3.2067387444034388e-002
 -3.3260249656886946e-002 -3.7135288078990553e-002  1.8905207148017175e-001 -3.2862156385275447e-002 -1.5683447682801296e-001  2.5163980730298163e-001  3.8094675700927540e-002 -1.3505876543970436e-002  1.2582566384208957e-001 -8.4028095657672205e-002 -1.0034574705428417e-001  2.1028987367517912e-001 -5.7589212284589388e-002  1.4808233845212124e-001 -1.4942768621994060e-001  1.5515074946079845e-002  1.5981333614687732e-001 -4.4844163190452635e-001 -2.1576106481219698e-001  2.5747272061492971e-001  3.7915675510110086e-001 -7.1691743207017322e-002 -1.9383285347918833e-001 -1.4222720000830874e-001  2.6862765373935182e-001 -1.8293549650767138e-001 -1.6961512048474714e-001  9.6337246193057870e-003  2.1851274403303259e-001  1.3312409337606884e-001
  3.7550783665729948e-001 -2.0161612858498879e-001  2.2590527596234802e-001  8.6745250467140100e-002  1.3850166150773292e-002 -2.1681091111820583e-001  3.8451618855621102e-002 -1.0986826346319642e-001  4.4078983106359569e-002 -5.2632685356547332e-002  5.0305741865044031e-002  2.3822550637571747e-002  1.3579980757140755e-001 -9.0897525972252785e-002 -1.4883710422609884e-002 -7.8395887519741303e-003  1.8090769592980158e-001 -7.5451118550075871e-002 -5.6725885015401767e-002  4.0510813120930539e-001  8.7898362770950825e-002 -7.3652011588927202e-002 -2.2521829703273580e-001  1.6358578566162171e-001 -3.6051966406400604e-001 -5.3098625392643657e-002  3.3465270662610118e-002 -1.1910223620024862e-001 -4.4852101890232099e-001 -1.3632591005447317e-001
 -2.5110797493557085e-002 -2.8733379317079755e-001 -1.3434839908223567e-001 -3.5724570454979093e-002  1.3221727507508521e-001 -2.1795248281946067e-001 -3.9400867442306572e-002  2.4793438341622155e-002  3.2391621194604914e-001 -4.3951110807506588e-001 -2.0164208368885030e-002 -2.3083784901435181e-001  2.2051809125730409e-001 -2.2497419475504515e-001  2.3988491232395499e-002 -1.5280905866121272e-001  1.1287165960036211e-003 -8.6574092494226082e-002  8.0506725995791215e-002 -1.1988786632273904e-001  1.4195875432383651e-001  2.8388143293570928e-001 -2.5556836173554304e-001 -4.2281551362847156e-002  1.1271735359420557e-002  1.8247470436042589e-002  2.5134409934105456e-001 -2.2707914865585491e-002  3.0181572712174365e-001  6.2786496229097391e-002
  8.1583745551873102e-002  1.0775112443770757e-001 -3.3145840657392278e-001  2.0099897680649959e-001  4.3637656130242383e-002  9.7398163763808929e-002 -3.1616848825925242e-001  9.0671233784135066e-002  8.2260688193005374e-002  4.4464741279393503e-002  2.4250263043499515e-001 -7.5743965413952910e-002  9.4422252076677163e-002 -1.4516037821599304e-001  1.5188640305850426e-001  1.0483638283446395e-001 -1.9707944617259171e-001  1.9448535803295412e-002  9.4117340351713541e-002  2.8683219107321922e-001  3.0372074913236169e-001 -5.5546374416437547e-002  1.3649751163702376e-002 -2.4361809829938061e-001  6.8529558234819432e-002  8.3311201914343561e-002 -2.3234139162708171e-002  4.2197164577658186e-001 -2.3211003632725546e-001  2.1267133862152579e-001
 -8.4113497164801959e-002  2.6717381042008292e-001 -3.2942793492683603e-001 -2.2935439089071982e-001  2.2102650718827326e-002  4.1160211608047348e-001 -4.1438272573231454e-002  2.3057935150834066e-001  1.4100790046220504e-001 -1.1635412696170282e-001 -1.2231826238029880e-001  1.5192671828995424e-001  4.9411707939501698e-002 -3.1375226619414054e-001 -1.6242170003691905e-001 -1.2926642975958613e-001  2.9312047759968773e-001  6.5096238957815689e-002 -1.0060761573652670e-001  1.6610591592807022e-001 -1.2756791269583487e-001  1.3242178052066697e-001  6.7883807885551178e-002 -3.4802203373288661e-002 -2.7412193609556623e-001  2.4099646523581431e-002 -1.3917809775159769e-002 -2.4694317827549023e-001 -1.1064527956806586e-001  5.9591174902157221e-002
  7.8046246975504663e-002  3.8424750337465458e-001  5.8376589389692278e-002 -4.2099969012707683e-002 -1.6476055047659377e-001 -2.5549319714956470e-001  2.5118313909622741e-001 -2.0675695594718141e-001 -6.1874033881479766e-002  7.5910492448405253e-002  2.7445612572464639e-001  2.4240850402356406e-001  1.5810527439614874e-001 -4.0615921392463500e-001 -5.2019555916896505e-002 -2.1263245792077553e-002 -5.2348173486682199e-002 -9.0570867653401541e-002  3.1077639863858569e-001  1.5844502549720779e-001 -5.1654891412967766e-002  3.0184317955887333e-002 -7.8162913453342350e-002 -3.5112621156831642e-002  9.5564589228035485e-002  1.9593754388065976e-001 -1.6686639297545844e-001 -7.6927314322021795e-002  2.8483342779841636e-001 -7.0942158494152986e-003
 -2.2478593316709744e-001 -1.0690753323625946e-001 -1.4034481301019194e-001 -1.0766894140971613e-001 -7.0001812689757151e-002 -5.2098422582377943e-002  3.9134752347044895e-002 -3.8080970303046087e-002 -1.1809915343001645e-001 -1.3532422253864415e-001 -2.5426950294616618e-001 -9.4274262057989847e-002  3.0261429771528608e-001 -7.2661649389858862e-002 -2.2024736260902009e-001  1.2530570898444551e-001 -1.8954925252662602e-001 -2.0028344319988667e-001  3.2564387458119348e-001  9.6102576633244313e-002 -4.3261746254100543e-002 -2.8343383100775704e-001  1.9018992705637697e-001  2.9462586520860229e-001  2.1652746759735045e-001 -1.8068242850777214e-001  3.3090098143782956e-002 -1.3829217905437288e-001 -2.5390452921946938e-001  2.6185486656293894e-001
 -6.3651244430591780e-002 -1.2075946721838979e-001  3.6784482480910811e-002 -2.9902582436935995e-002  1.3785102576176481e-001  2.7044524288469585e-001  2.7655093015208545e-002 -4.0475575314803686e-001 -9.7115397933345296e-002  2.7508335573136006e-001 -1.0475237362260963e-002 -1.1715666011176244e-001 -6.5177860514848293e-002 -1.8199678584566278e-001 -4.0911206402015826e-001  1.3307114321223401e-001  1.2679223495304051e-002  1.2600382603751650e-001  1.7741010018177125e-001 -3.1202961149225350e-001  3.0753458154358654e-001  1.2053521161179297e-001 -2.6530282198230454e-001 -4.6099076232067604e-002 -2.0628115953462534e-001 -3.1984675745712316e-004 -8.2941738973944260e-002  2.4090720684732031e-002 -8.2640788041847657e-002  1.3289415927179837e-001
 -9.2580020200074248e-002  2.4959117063361386e-001  2.7461608686658096e-001  4.0298151995499512e-003 -1.3671282070528148e-001  4.2449018958281418e-002 -8.5298542157379031e-003 -1.7603562754195543e-001  2.6619379098571355e-001 -1.3589144152752830e-001  1.7729924803303959e-002 -2.4075271123044695e-001  6.9991003379466080e-002 -2.3917148064949065e-001  1.9747604518219758e-001 -5.9404321029556735e-002 -2.2795601049700706e-001  8.4545355538854659e-004 -2.3168778326475864e-001 -2.4381374562821848e-001 -1.8223909649078521e-001 -1.6964726751324385e-001 -1.0706404807877484e-001 -3.1489206175791279e-001  1.8145522489798109e-002 -3.0381829513058961e-001 -1.7675099554628118e-001 -1.2509130295376725e-001 -2.6427576494710864e-001  5.3430546372298958e-002
  1.8442315678624885e-001  3.6065642439805944e-002 -1.5158661511903659e-001 -1.8681962361560650e-001 -2.1510182935977551e-001 -1.4706634971729540e-001 -3.8925249163864228e-001 -1.9877627554174545e-002  7.2092949988080690e-003  9.6633772733675460e-002 -2.8923420650383591e-001 -3.7250304146667473e-001 -2.6290351200261469e-001 -1.7256314389830239e-002 -1.6234791697498255e-001  2.4157090656377067e-001 -7.1101441640108551e-002 -1.9399427715565953e-001  6.3482610341654602e-002  1.4192436053873175e-001 -1.6252711085120092e-001  5.4689654621137909e-002 -1.4079525879325561e-001 -1.5640731411060593e-001  6.2021408267310514e-002  1.9017265007815504e-001 -1.4199057163087000e-001 -1.4796318049637583e-001  6.0261052484320406e-002 -2.7351513921215437e-001
 -3.2626134390303263e-001  6.1165891213855725e-002  2.2603679973647378e-001  1.5491105859252260e-001 -6.1053932058101106e-002  2.1289760696624113e-001 -1.9865846008834215e-001  1.0235370088684803e-001  3.3580669335073227e-001 -1.4945338682590917e-001  1.4397656792139552e-001  1.3906972085266758e-001  1.3441459194040084e-001  1.4004187857964312e-001 -1.5628802435917502e-001  1.0101794957554246e-001 -1.8083245532989659e-001  9.0226620918787512e-002  2.2127295163290212e-001  2.0387632665325006e-002  1.2700334596552097e-002  1.4966814660972003e-001 -1.0847526991773210e-001  2.6690818873297156e-001  5.3161522670860412e-002  1.3224734050039130e-001 -1.4066573725697004e-001  2.5210761525180141e-002 -1.1541944854629883e-001 -4.6733198884685845e-001
