0.460269835848395,0.151765143777833,0.387965020373771
0.33624435901291,0.478928470810043,0.184827170177046
0.695302625649319,0.17533041115986,0.12936696319082
0.438189106699802,0.313219583917394,0.248591309382805
0.260893803163866,0.358016377836058,0.381089819000076
0.275305707899238,0.186658610605864,0.538035681494898
0.41784963705738,0.172607393638293,0.409542969304327
0.348053811567045,0.273813556857332,0.378132631575623
0.5296865251916,0.154562278929982,0.315751195878419
0.683255373185692,0.121577847184771,0.195166779629537
0.396000986671644,0.375511620932077,0.228487392396279
0.286792508373108,0.501113275670954,0.212094215955938
0.571403505375726,0.27517306324301,0.153423431381264
0.565918145071525,0.190055344736591,0.244026510191884
0.691537041938375,0.170903201348653,0.137559756712972
0.284076978152459,0.459687260753113,0.256235761094428
0.697000559452696,0.219274220746544,0.0837252198007596
0.337136193092134,0.195063406230041,0.467800400677825
0.500932767350899,0.367423598038104,0.131643634610996
0.302235812605006,0.370545229581454,0.32721895781354
0.550458174556729,0.216119811981061,0.233422013462209
0.440786148985927,0.242924664536631,0.316289186477441
0.284705907663047,0.257136151594284,0.458157940742668
0.582158671298819,0.142778107045581,0.275063221655599
0.474638003861322,0.198590778319692,0.326771217818987
0.540220674986087,0.194124888519302,0.265654436494611
0.346531774307663,0.183498658953722,0.469969566738615
0.600496192554105,0.174398415591212,0.225105391854683
0.367045673464451,0.345775972285244,0.287178354250304
0.420006144755292,0.296178144969731,0.283815710274977
0.682843872599251,0.0893478982047153,0.227808229196034
0.303977701570324,0.42853725492309,0.267485043506585
0.501873473078715,0.252343434240684,0.245783092680601
0.598592164095205,0.236102131441235,0.165305704463561
0.488069263021999,0.327006198981864,0.184924537996137
0.260991722085071,0.300525085600928,0.438483192314001
0.633705674132964,0.121326590790293,0.244967735076743
0.300054160836599,0.519587531434472,0.180358307728929
0.336225602412414,0.389511603041692,0.274262794545894
0.261191296879085,0.400616336860869,0.338192366260045
0.643275357276907,0.154915894410903,0.201808748312189
0.672406601566617,0.152566402050847,0.175026996382536
0.610066805797561,0.194647493468604,0.195285700733834
0.406998076623836,0.228729080534186,0.364272842841978
0.419504492953581,0.264716922707807,0.315778584338612
0.285381824452322,0.223302307730356,0.491315867817322
0.276524661486765,0.520973164316896,0.202502174196339
0.631585398481232,0.256677096801457,0.11173750471731
0.387042076463185,0.443035293511217,0.169922630025599
0.582300349774648,0.263488641342651,0.154211008882702
0.41986904133862,0.386560558159293,0.193570400502086
0.661503477958366,0.234808098777587,0.103688423264046
0.483127888983033,0.138722452715135,0.378149658301831
0.582796441489685,0.306400529166739,0.110803029343575
0.296646644048526,0.479166233751369,0.224187122200106
0.47913359460206,0.356978777397839,0.163887628000101
0.383636062384775,0.203071220990544,0.41329271662468
0.401629040434728,0.335268750326916,0.263102209238356
0.632406362054901,0.206366403772836,0.161227234172263
0.683289824039463,0.131997997395747,0.184712178564789
0.551705539680434,0.244490920661602,0.203803539657964
0.519322278630929,0.142844057075762,0.33783366429331
0.585773654916894,0.109091219957421,0.305135125125685
0.738915426416211,0.0967755897915689,0.16430898379222
0.54020585472793,0.307343470906416,0.152450674365654
0.387083510921887,0.409023526684353,0.203892962393758
0.724870659533688,0.154026755758797,0.121102584707515
0.593457734850616,0.131338572031514,0.275203693117869
0.386190841645192,0.274578243894947,0.339230914459859
0.337018384096415,0.448005278943533,0.214976336960051
0.295922629890276,0.39740326898843,0.306674101121294
0.480461066974754,0.24629825719836,0.273240675826886
0.309353830044985,0.509381203048625,0.181264966906389
0.355549805954652,0.31768461315444,0.326765580890906
0.630189421870219,0.0979812738314284,0.271829304298351
0.727311617997833,0.195951114160814,0.0767372678413514
0.327503071990822,0.356303423487197,0.316193504521981
0.435277011619238,0.21564370968007,0.349079278700692
0.467482140319835,0.283931420809113,0.248586438871052
0.336691349907917,0.234096505078842,0.429212145013241
0.623723701566962,0.242463334121344,0.133812964311693
0.377406108231825,0.162418536145917,0.460175355622257
0.284861451825782,0.281484779676924,0.433653768497293
0.318095972577891,0.234748678558136,0.447155348863972
0.267693000550268,0.222005251805036,0.510301747644695
0.428699700698691,0.30791642137673,0.263383877924579
0.713430168652257,0.161343944308474,0.125225887039269
0.308585853269727,0.406206663186402,0.285207483543871
0.487887923915357,0.295687879071191,0.216424197013453
0.407085086581015,0.409543359453138,0.183371553965847
0.359322442116957,0.265347227048908,0.375330330834136
0.550288426444898,0.318925711099158,0.130785862455944
0.469777640216422,0.378782628277437,0.151439731506141
0.300438152883501,0.3235814269331,0.375980420183399
0.603856929202442,0.1309281003156,0.265214970481959
0.369700605591117,0.208132989152629,0.422166405256255
0.421738953805596,0.240885959798558,0.337375086395846
0.714500515151498,0.121419787805267,0.164079697043236
0.406966300722231,0.184732945555248,0.408300753722521
0.316717627101565,0.481025552891681,0.202256820006754
0.500221920839347,0.285480061440001,0.214298017720652
0.364335223382621,0.274621076568222,0.361043700049157
0.562262265043534,0.259248620029718,0.178489114926748
0.739047853042824,0.16835016113889,0.0926019858182873
0.337722856345198,0.172013461681586,0.490263681973216
0.277129986803898,0.315948546901379,0.406921466294724
0.452624615454309,0.344092804368549,0.203282580177141
0.539287929332462,0.180494255746137,0.280217814921401
0.297361052996514,0.316491662935643,0.386147284067844
0.376166925035286,0.285591827004185,0.338241247960529
0.593074937278996,0.274922779615824,0.132002283105179
0.468692138519893,0.213073870780265,0.318233990699842
0.37529666358633,0.375218798595943,0.249484537817727
0.277721466947739,0.202063962986376,0.520214570065886
0.541731928735125,0.265070314550469,0.193197756714406
0.50927567033979,0.296149066587109,0.194575263073101
0.417165362640283,0.359606227748355,0.223228409611362
0.334692037105643,0.31794724035312,0.347360722541237
0.518064436922696,0.264152348914798,0.217783214162506
0.463460773354999,0.306412171017996,0.230127055627005
0.500372129184885,0.335701861331272,0.163926009483843
0.316602643271603,0.272844221322128,0.410553135406269
0.457954346550309,0.183895580297557,0.358150073152134
0.294390352388965,0.459142276685384,0.246467370925652
0.621060776321851,0.18499755266026,0.19394167101789
0.529537191809677,0.341006147647593,0.129456660542732
0.458479070672582,0.357188298770096,0.184332630557322
0.490624740363513,0.356002848716065,0.153372410920422
0.260635640368732,0.282210231912237,0.457154127719031
0.337916790880128,0.428328489122621,0.233754719997251
0.282087109148594,0.355932340304842,0.361980550546564
0.651605563105025,0.183917095931905,0.164477340963069
0.328393770769617,0.376002679168312,0.29560355006207
0.529632537304385,0.235739510294154,0.234627952401461
0.419613706599249,0.428378364171859,0.152007929228893
0.386344667959503,0.296108093912972,0.317547238127525
0.4520630556473,0.174963384366321,0.372973559986379
0.444708506369482,0.286426835850773,0.268864657779746
0.398815345351904,0.315699943973087,0.285484710675009
0.407417073866137,0.420118559360181,0.172464366773682
0.520204980869371,0.306463814575263,0.173331204555365
0.570373607894068,0.234306646602041,0.195319745503891
0.284747235527892,0.342975000388615,0.372277764083492
0.364842727187575,0.400012011482518,0.235145261329907
0.551045196606299,0.12450187020745,0.32445293318625
0.651087639457812,0.234338209642449,0.114574150899739
0.423537136859055,0.393594148669129,0.182868714471816
0.260098404848447,0.502740419815528,0.237161175336026
0.720912685005674,0.138823324075651,0.140263990918675
0.505414537979041,0.239592689976378,0.25499277204458
0.261511139640735,0.468922918633347,0.269565941725918
0.606444922869112,0.222522931822285,0.171032145308602
0.529251287985347,0.193638369852765,0.277110342161889
0.449695577432771,0.315237165994156,0.235067256573074
0.672707995747266,0.18358574255927,0.143706261693465
0.501565759589249,0.207924137642229,0.290510102768522
0.378213901349784,0.194839571986356,0.42694652666386
0.52002171583555,0.175606017823412,0.304372266341037
0.430117394446778,0.160980217173105,0.408902388380117
0.397635736554817,0.274775525003613,0.32758873844157
0.348584864015688,0.367542624496995,0.283872511487317
0.28644360438205,0.201852971426665,0.511703424191286
0.420725342048391,0.203367905110248,0.375906752841361
0.652968925723881,0.120666665135757,0.226364409140361
0.604840376522661,0.119040829658536,0.276118793818803
0.488714475935522,0.193981593137358,0.317303930927121
0.336899597837617,0.260182368219166,0.402918033943218
0.398373721996697,0.243280919831591,0.358345358171712
0.652238223197347,0.244350045284259,0.103411731518394
0.34815948525794,0.43726555801833,0.214574956723729
0.317257147620917,0.203463294375244,0.479279558003839
0.570421231181045,0.264757601757228,0.164821167061726
0.702835214850037,0.143488873991075,0.153675911158888
0.271811367222902,0.440027798428411,0.288160834348688
0.469145984593845,0.391983466629433,0.138870548776722
0.325535458037257,0.237875780771544,0.436588761191198
0.316817874709618,0.180630135267096,0.502551990023287
0.602116014282487,0.205586860410723,0.192297125306791
0.346051947249588,0.486480421578608,0.167467631171804
0.724763477466702,0.093394197505213,0.181842325028085
0.333212997727332,0.296117310992063,0.370669691280605
0.703934399288799,0.121574346823545,0.174491253887657
0.580942133967949,0.164887142367752,0.254170723664298
0.258560880588633,0.539282537799122,0.202156581612245
0.546368621427689,0.208048172530214,0.245583206042098
0.662752256934034,0.0929474680079282,0.244300275058038
0.259016089776465,0.222028942938768,0.518954967284766
0.325957755677764,0.287503182859906,0.386539061462329
0.305459355046235,0.386259877465472,0.308280767488293
0.46476601642748,0.249845695320505,0.285388288252015
0.432615888936107,0.194910926688119,0.372473184375775
0.489360212794707,0.274333679353349,0.236306107851943
0.632645678736096,0.142012897815341,0.225341423448564
0.617419777033514,0.142620143688783,0.239960079277702
0.441999415550089,0.34309409027471,0.214906494175202
0.520901568377803,0.350464678758619,0.128633752863578
0.310903942649205,0.372968641878582,0.316127415472213
0.551402876462338,0.296893213122781,0.151703910414882
0.439649587648541,0.254891871368207,0.305458540983252
0.277049914083618,0.304901257529748,0.418048828386634
0.396947126270142,0.296265443240321,0.306787430489538
0.714357876941118,0.133016205249264,0.152625917809618
0.450916108728107,0.243971756258875,0.305112135013018
0.267503674241696,0.253504744567362,0.478991581190943
0.324906324271833,0.308223165975862,0.366870509752305
0.715182884043145,0.0773360834343006,0.207481032522554
0.30025464916865,0.501219427191855,0.198525923639494
0.374889019935556,0.235930888770397,0.389180091294048
0.592926812205072,0.142554335319892,0.264518852475036
0.38802712942317,0.159257404646727,0.452715465930103
0.522534492140575,0.220922616938261,0.256542890921164
0.535717364017138,0.209091312663641,0.25519132331922
0.480357560795236,0.165463481977481,0.354178957227283
0.52521609736675,0.332916071628178,0.141867831005073
0.416452296367835,0.338928022039472,0.244619681592693
0.712162619650095,0.15344711589411,0.134390264455795
0.592351976489858,0.153650798976612,0.253997224533531
0.328401534260742,0.416964345294274,0.254634120444985
0.651412507582887,0.214056401330449,0.134531091086664
0.273690126942942,0.410126712470223,0.316183160586835
0.740596651520363,0.155914455543053,0.103488892936584
0.56225285178307,0.143201581083422,0.294545567133508
0.387274629693499,0.43100608511472,0.181719285191781
0.273583090476467,0.3885732435649,0.337843665958634
0.662847550042798,0.110276316986394,0.226876132970808
0.549821218336094,0.168815590473768,0.281363191190138
0.460528355496914,0.163369841083016,0.37610180342007
0.522820226207608,0.187813896466535,0.289365877325857
0.44693476316692,0.378538597751162,0.174526639081917
0.297828847023338,0.181952661436831,0.52021849153983
0.494406950811623,0.163519065908976,0.342073983279403
0.62315438853544,0.203721414116791,0.17312419734777
0.325167271749048,0.366857568578825,0.307975159672127
0.274287243271385,0.512277737072679,0.213435019655934
0.460072262051757,0.317768087491482,0.222159650456761
0.368305311284078,0.32504538508039,0.306649303635533
0.335657194652373,0.306385258682964,0.357957546664662
0.490862498947813,0.154099719707657,0.35503778134453
0.72562919384641,0.0770441042714838,0.197326701882106
0.60322901037816,0.243338345165523,0.153432644456316
0.741623191436004,0.114355134166288,0.144021674397708
0.551064334017427,0.284851745499939,0.164083920482634
0.485813407063631,0.185078203453516,0.329108389482853
0.500198378245209,0.294685805166253,0.205115816588538
0.376223182712205,0.307741657960265,0.31603515932753
0.367067545550883,0.170043879885979,0.462888574563139
0.527801049225364,0.205127960154722,0.267070990619914
0.530533965520509,0.165035063976135,0.304430970503356
0.261896566591276,0.367547274492727,0.370556158915998
0.314620168848414,0.334863856563403,0.350515974588184
0.561667095384401,0.30818544566291,0.13014745895269
0.367855347623304,0.429210196731033,0.202934455645663
0.286181211888756,0.269057710882342,0.444761077228903
0.34845073908522,0.228791890266853,0.422757370647927
0.617222788515237,0.106287993537332,0.276489217947432
0.502318870164023,0.355969757906984,0.141711371928994
0.3445898982689,0.218470999785101,0.436939101945997
0.369362434032769,0.366948021671416,0.263689544295815
0.296202456487434,0.246193098723883,0.457604444788683
0.478405036943306,0.382281460780832,0.139313502275862
0.296044432081979,0.202914630649461,0.50104093726856
0.413397473717862,0.291460883169354,0.295141643112784
0.413113591333416,0.351098591189644,0.23578781747694
0.43522546138197,0.379348193433682,0.185426345184348
0.388698728246628,0.341306259737673,0.269995012015699
0.459539885190322,0.193961601353824,0.346498513455854
0.479869240889852,0.259672786318869,0.26045797279128
0.489542628052167,0.261693529880616,0.248763842067216
0.367513499462986,0.250564303573758,0.381922196963256
0.371280972055173,0.279865332182792,0.348853695762035
0.291512310551326,0.437518645561425,0.270969043887249
0.417853010743714,0.419341568959631,0.162805420296655
0.345955455193778,0.337008486345463,0.317036058460759
0.294942009649841,0.423803114489602,0.281254875860558
0.540233284415009,0.275443478406012,0.184323237178979
0.714372072017283,0.10133356306272,0.184294364919998
0.693912104732471,0.1317917218092,0.174296173458329
0.258658000882027,0.25371946471945,0.487622534398523
0.427844775715083,0.209453034220694,0.362702190064223
0.428771342101809,0.266225069809066,0.305003588089124
0.355934398912138,0.305798128813216,0.338267472274647
0.627280950757505,0.109686962205656,0.26303208703684
0.446944380843501,0.191401505400143,0.361654113756356
0.409435014770209,0.251210094630885,0.339354890598905
0.303942533397339,0.338043453790375,0.358014012812287
0.674169018695178,0.193084587182462,0.132746394122361
0.579119841447242,0.185949360036728,0.23493079851603
0.377561792943534,0.172405431316648,0.450032775739819
0.259119697028202,0.313628820156336,0.427251482815463
0.296590583861856,0.223195713667205,0.480213702470938
0.488611006066795,0.305330356970498,0.206058636962707
0.335103037972281,0.332376230767992,0.332520731259727
0.672586133265481,0.22418892913514,0.103224937599379
0.464314569419532,0.238587507942635,0.297097922637833
0.302337628661056,0.260357839065665,0.437304532273279
0.273045941424128,0.36616157973033,0.360792478845542
0.563072628975043,0.118895941921502,0.318031429103456
0.399787454227865,0.356883429433851,0.243329116338285
0.326867336511798,0.179319372232339,0.493813291255864
0.427332562205718,0.34838704935539,0.224280388438892
0.582712454750337,0.131121924652547,0.286165620597116
0.478025794397421,0.346311489208051,0.175662716394528
0.53088275979531,0.133812210745996,0.335305029458694
0.275026529801299,0.492178740586159,0.232794729612542
0.273017581360476,0.399656419821597,0.327325998817927
0.326839758598148,0.447234601244736,0.225925640157116
0.672593948871737,0.172651189718305,0.154754861409959
0.640131469946803,0.110042411690568,0.249826118362629
0.428014161412624,0.278244489198344,0.293741349389033
0.693025282717728,0.194855131825093,0.112119585457179
0.338506150014373,0.245106081518318,0.41638776846731
0.725813381643876,0.17348996164579,0.100696656710335
0.397034284615177,0.195854952720236,0.407110762664586
0.448474903381523,0.204312307079011,0.347212789539465
0.312622072157898,0.314526271593442,0.37285165624866
0.258615534204094,0.21183861868061,0.529545847115296
0.261499190499435,0.479002494657893,0.259498314842672
0.261296682392768,0.423119112439555,0.315584205167678
0.34185991462192,0.417761136719283,0.240378948658797
0.365559141461895,0.197817760203174,0.436623098334931
0.571606526673279,0.247086374706535,0.181307098620185
0.631281515637333,0.216908548704835,0.151809935657832
0.284862433516276,0.448420194724201,0.266717371759523
0.551340062618087,0.154961095833934,0.293698841547979
0.501541203242347,0.219709164859697,0.278749631897956
0.307074315014333,0.202192757729648,0.49073292725602
0.320654277974071,0.500468978875188,0.17887674315074
0.284260927941872,0.366736407197505,0.349002664860621
0.327435083984277,0.386874550889697,0.285690365126026
0.317118515541355,0.378359812648665,0.30452167180998
0.385700867884809,0.25584641092033,0.358452721194861
0.377781588908864,0.442950548392534,0.179267862698602
0.510319862830415,0.18489638046385,0.304783756705734
0.572176344697019,0.286001574717849,0.141822080585133
0.614731727892502,0.240104413414798,0.1451638586927
0.273425344445952,0.420749005853543,0.305825649700504
0.358467412093319,0.459878238404681,0.181654349502
0.447631728954312,0.3889852892537,0.163382981791988
0.311191638988437,0.295405653404206,0.393402707607357
0.511532934546875,0.258119750167952,0.230347315285173
0.418403833877208,0.183545388411931,0.398050777710862
0.331685346174674,0.22406571782657,0.444248935998756
0.572573151992846,0.198470425810355,0.228956422196799
0.376812638407963,0.267565889114027,0.355621472478009
0.611678489473911,0.174080870631431,0.214240639894659
0.409929697902666,0.165158962843495,0.424911339253838
0.347556122503868,0.249752027992465,0.402691849503667
0.404635145718389,0.17660033688352,0.418764517398091
0.389756258547834,0.314563271022493,0.295680470429673
0.338259456145006,0.356401093413863,0.305339450441131
0.357765960924829,0.438566903858217,0.203667135216954
0.540872372771401,0.165717747841422,0.293409879387178
0.305568311560945,0.44827572379161,0.246155964647445
0.651925340630721,0.173007604142001,0.175067055227277
0.264177462784196,0.54535618320629,0.190466354009514
0.377036463493832,0.18462800144242,0.438335535063747
0.467606263906282,0.225180242515076,0.307213493578641
0.614545273939101,0.119787554204553,0.265667171856345
0.732888533460685,0.119555846278587,0.147555620260727
0.398463998855366,0.253086496746364,0.348449504398269
0.471393822405706,0.150895226529181,0.377710951065114
0.439540671780714,0.266374283827081,0.294085044392206
0.541204626054171,0.154023310508695,0.304772063437133
0.390882109089764,0.352192719433866,0.25692517147637
0.316815438610653,0.427061291149707,0.256123270239639
0.296173980007578,0.213090735656752,0.490735284335671
0.3521265178685,0.281913682969478,0.365959799162021
0.461342311042659,0.204989466810583,0.333668222146758
0.356652488160754,0.473796271351797,0.169551240487449
0.273452112820017,0.226568200429128,0.499979686750855
0.357948886158806,0.192830332298304,0.44922078154289
0.316689354315359,0.469370980154664,0.213939665529976
0.489365238681634,0.284759253524109,0.225875507794256
0.637170567182763,0.26507087991524,0.0977585529019983
0.358383782515519,0.448889033973719,0.192727183510763
0.295233041625891,0.447816680504451,0.256950277869658
0.52964736349268,0.144310130053717,0.326042506453603
0.585587356800296,0.242708718729392,0.171703924470313
0.634401371278249,0.19497202079912,0.170626607922631
0.273840049223298,0.377522400617364,0.348637550159338
0.69371148531536,0.141815049749132,0.164473464935508
0.526424415297582,0.322084942026108,0.15149064267631
0.571014122975923,0.166025055231421,0.262960821792655
0.510073934986545,0.275967493885253,0.213958571128202
0.5592542904168,0.202968266912335,0.237777442670865
0.338125966053051,0.467954459996978,0.193919573949971
0.445010196937628,0.229772573699475,0.325217229362896
0.398449313532051,0.205143011102546,0.396407675365403
0.327416835367142,0.192548864088357,0.4800343005445
0.610836574625388,0.230409698594357,0.158753726780255
0.509518364257321,0.316986535744658,0.173495099998022
0.642723286896082,0.196195377117255,0.161081335986663
0.653936163745412,0.203519408413667,0.142544427840921
0.681976044492985,0.101336318710388,0.216687636796627
0.66371367340548,0.14060596256145,0.195680364033069
0.276780162258095,0.500607031296234,0.22261280644567
0.355945904466893,0.413392565060457,0.230661530472652
0.537976205985912,0.243088477729416,0.218935316284672
0.397395350837926,0.408795039628227,0.193809609533847
0.662973649988272,0.244974924876745,0.0920514251349842
0.286071873895381,0.377772014907832,0.336156111196788
0.346846830646413,0.195735261626509,0.457417907727077
0.308310155558008,0.178818843040319,0.512871001401673
0.636699451565855,0.168110595764281,0.195189952669864
0.378027577219393,0.407613261762174,0.214359161018432
0.573650280313042,0.117323774667558,0.309025945019399
0.576394495423526,0.176468578165531,0.247136926410942
0.704260661224699,0.0812219479742503,0.214517390801051
0.371999144683283,0.259756119475378,0.368244735841339
0.730164979524069,0.083797207004558,0.186037813471372
0.348954839675821,0.387659888855145,0.263385271469034
0.550831857828907,0.330726617230475,0.118441524940618
0.569117112918708,0.221142258314097,0.209740628767194
0.345223016209409,0.294088800861242,0.36068818292935
0.62308248919873,0.267013771053103,0.109903739748168
0.367939097281928,0.38651959695106,0.245541305767012
0.538763411394534,0.318112011063205,0.143124577542262
0.540915780148235,0.133588589560314,0.325495630291451
0.508621170585252,0.226761575557515,0.264617253857233
0.55224330093285,0.13288126926846,0.314875429798689
0.38609381718066,0.246610635193647,0.367295547625693
0.440268170381259,0.300075784597097,0.259656045021643
0.379062183386229,0.243781560202464,0.377156256411307
0.261411602431331,0.389754154855908,0.34883424271276
0.705331996591527,0.0906488236764148,0.204019179732061
0.4768569003985,0.238060552950787,0.285082546650713
0.498587845023099,0.316322784866012,0.185089370110887
0.472659407374897,0.189503007339963,0.33783758528514
0.600345979655768,0.216661743370791,0.182992276973442
0.294432903623353,0.367718040586416,0.337849055790231
0.267915342468274,0.314737778184253,0.417346879347472
0.478816563067561,0.273649560641404,0.247533876291034
0.672466068147218,0.213917414721334,0.113616517131448
0.662566951399585,0.182938322201892,0.154494726398523
0.306453525098563,0.285448795121928,0.408097679779509
0.439579342605139,0.149206013253233,0.411214644141629
0.650494966533714,0.224845448678624,0.124659584787662
0.390100374785933,0.36696945744555,0.242930167768517
0.286831324478583,0.305595766014471,0.407572909506945
0.580745334819242,0.235463077705818,0.183791587474939
0.732886679018529,0.143742698897193,0.123370622084277
0.327519098830967,0.215302164112188,0.457178737056846
0.693769127698745,0.0929319413178998,0.213298930983354
0.450023172268849,0.162704611522282,0.387272216208868
0.409207982376873,0.263938140449602,0.326853877173524
0.428874537854917,0.410160264236876,0.160965197908206
0.692517660513513,0.162183755944366,0.145298583542121
0.33807344239234,0.398002336971209,0.263924220636451
0.603477326066506,0.264609468669436,0.131913205264058
0.41811137563605,0.152463312945227,0.429425311418723
0.258661644016205,0.335851970632914,0.40548638535088
0.708028813129961,0.196248144839658,0.0957230420303814
0.562842572990547,0.130685743325839,0.306471683683614
0.276989917206793,0.213070151084547,0.509939931708659
0.726632645318546,0.181643807037149,0.0917235476443054
0.455331210364925,0.332057509372886,0.212611280262188
0.682663473264862,0.215892835715263,0.101443691019875
0.530503597773274,0.307474784063524,0.162021618163203
0.336996799461427,0.458082625519789,0.204920575018784
0.519926697000706,0.294999000835885,0.185074302163409
0.366037913734632,0.306394290684295,0.327567795581073
0.692647670923907,0.102335609346169,0.205016719729922
0.446907365635757,0.367837037252816,0.185255597111427
0.560747142041444,0.15562934518355,0.283623512775005
0.306402283914094,0.358071850624008,0.335525865461898
0.643275735727286,0.121135956742314,0.235588307530399
0.590411300869869,0.164633176881964,0.244955522248167
0.715204572832486,0.111117022859952,0.173678404307563
0.296458689146803,0.272954061873551,0.430587248979646
0.738621575477372,0.0870095804246282,0.174368844098
0.657997262281026,0.133412010631347,0.208590727087626
0.477783800910246,0.285668524790104,0.236547674299649
0.45821460636159,0.37884007946713,0.16294531417128
0.366910044072688,0.464209101689762,0.168880854237551
0.452480220963785,0.263481595297721,0.284038183738496
0.375346643918335,0.215694966614006,0.408958389467659
0.663419787109092,0.19296245843223,0.143617754458678
0.316072142293763,0.448001257223305,0.235926600482931
0.640260663080162,0.222053018511412,0.137686318408426
0.70601748384443,0.172650028719458,0.121332487436111
0.431081655120582,0.29582566054051,0.273092684338908
0.727337051598553,0.161971122458913,0.110691825942535
0.441369521660318,0.18375244604534,0.374878032294342
0.305266134753703,0.437454193767653,0.257279671478644
0.541029179430413,0.144054510974956,0.314916309594632
0.267863381522669,0.212366404332131,0.5197702141452
0.489792830639752,0.346197768340376,0.164009401019872
0.429842895332491,0.184100460731488,0.386056643936021
0.611438019451655,0.209224776687876,0.179337203860471
0.510418143354019,0.195287778769044,0.294294077876937
0.512542484011312,0.335221348008972,0.152236167979716
0.61260734638197,0.253133606112445,0.134259047505585
0.551756098659805,0.194259923726652,0.253983977613544
0.622108420765444,0.16277316123722,0.215118417997338
0.453353693954405,0.293173012042864,0.253473294002731
0.702455506244841,0.164120377793792,0.133424115961366
0.32695176706261,0.468477500167452,0.204570732769937
0.62853921595039,0.229965264448263,0.141495519601346
0.361661521967331,0.222398350992934,0.415940127039734
0.274168022047387,0.429968008395864,0.295863969556749
0.673921201151999,0.087267889249039,0.238810909598963
0.261612121635903,0.273089667184409,0.465298211179688
0.358225545899255,0.367800249855458,0.273974204245287
0.273074689850652,0.470046283995963,0.256879026153385
0.324295857178069,0.488493833355956,0.187210309465975
0.296380976315819,0.491106897872882,0.2125121258113
0.628776381066742,0.190569343110568,0.18065427582269
0.524745505868993,0.248780171734577,0.22647432239643
0.437113907242408,0.36535869521356,0.197527397544032
0.273611997618581,0.480759196841295,0.245628805540124
0.645156465487894,0.142256587128851,0.212586947383254
0.462798870832146,0.139815646694257,0.397385482473596
0.357802104575494,0.392719259250627,0.249478636173878
0.387359325436877,0.387411134706707,0.225229539856416
0.726638143123173,0.101523184995872,0.171838671880955
0.624304778591616,0.131425511680128,0.244269709728256
0.464993921514864,0.335663435517558,0.199342642967578
0.335941242475351,0.27541700481798,0.388641752706669
0.316838604998665,0.388469295559419,0.294692099441916
0.692277055607481,0.152718885400641,0.155004058991878
0.586490878235509,0.19570098854434,0.217808133220151
0.555943396920482,0.223843857571496,0.220212745508021
0.426153915671617,0.338600749513981,0.235245334814402
0.416087073270393,0.378354975343941,0.205557951385666
0.267011085056257,0.336755622890575,0.396233292053168
0.65399046909033,0.108100394144915,0.237909136764754
0.25970946928724,0.517254394242697,0.223036136470063
0.661927335432901,0.224388576516076,0.113684088051022
0.564033705838377,0.211966915002057,0.223999379159565
0.349240783865283,0.425881968471725,0.224877247662992
0.661361922848772,0.152110459785915,0.186527617365312
0.726642401151951,0.110996491426149,0.1623611074219
0.295598283671427,0.335157800039208,0.369243916289365
0.306152130786972,0.417160445417265,0.276687423795762
0.552492941609013,0.143210033089359,0.304297025301628
0.704698698433328,0.131999614270663,0.163301687296008
0.275664702328167,0.534513907567729,0.189821390104104
0.338606393649362,0.285140012263851,0.376253594086787
0.577403838293238,0.254511747081824,0.168084414624939
0.274178719222207,0.267913352782237,0.457907927995557
0.631637989904022,0.245756977872081,0.122605032223897
0.682128905245675,0.112312760300219,0.205558334454107
0.590734748556996,0.215875386777192,0.193389864665813
0.593809965271628,0.12034506012416,0.285844974604213
0.418064322884724,0.277315251006587,0.30462042610869
0.284906668761422,0.480542192157383,0.234551139081194
0.599334246978339,0.195333091213972,0.205332661807688
0.404448052261372,0.365034422910582,0.230517524828047
0.267696935787361,0.531098502583167,0.201204561629473
0.457824755965715,0.368096339987806,0.174078904046478
0.534418243207033,0.222089280926732,0.243492475866235
0.351549147209216,0.205260203795442,0.443190648995342
0.593377554719775,0.298442949485,0.108179495795224
0.490159193173619,0.216513422474179,0.293327384352203
0.49947116675607,0.263774605732773,0.236754227511158
0.43650962466979,0.226449671719451,0.33704070361076
0.378715226552549,0.317654397539229,0.30363037590822
0.325913512868938,0.331388291420588,0.342698195710474
0.459018766890667,0.388922668384244,0.152058564725089
0.692264291129615,0.214646287670163,0.0930894212002233
0.267326225483345,0.19408375871486,0.538590015801796
0.305182812341019,0.34795477031034,0.346862417348641
0.328045882356827,0.426837911399179,0.245116206243994
0.44053881723085,0.41060191990154,0.14885926286761
0.267719382688256,0.243846178714657,0.488434438597086
0.732214136461655,0.134746400184714,0.133039463353631
0.316804568894425,0.417806439296412,0.265388991809163
0.406929776687811,0.286791453974929,0.30627876933726
0.650969279415738,0.160973481681262,0.188057238903
0.488735699260186,0.336732958735463,0.174531342004351
0.593606126991293,0.285577083636119,0.120816789372588
0.611096366028419,0.164160550116973,0.224743083854608
0.410143266438223,0.398384291166733,0.191472442395045
0.408328046593721,0.432434965037786,0.159236988368494
0.671036190738666,0.123070366403019,0.205893442858315
0.553355945574422,0.115734970824688,0.330909083600889
0.448425605227085,0.327223861520439,0.224350533252476
0.626961848389072,0.274315193371119,0.0987229582398092
0.471130330619421,0.179601889751766,0.349267779628812
0.325684591114881,0.346103550956287,0.328211857928831
0.530417194683427,0.176148353083787,0.293434452232786
0.723252826989924,0.122070261386434,0.154676911623642
0.356510212625889,0.34558012467901,0.297909662695101
0.338715412794934,0.365834046150557,0.295450541054508
0.479611375774161,0.368067829992327,0.152320794233512
0.661757994589302,0.162446292637729,0.17579571277297
0.262952946597206,0.189742318529351,0.547304734873442
0.448588291663591,0.215623399812674,0.335788308523735
0.497068404516038,0.173988074101305,0.328943521382657
0.682654230948281,0.162899093313929,0.154446675737791
0.468708724127538,0.258069096470627,0.273222179401835
0.261194094264161,0.240347095457831,0.498458810278009
0.314847924807885,0.250024626792427,0.435127448399688
0.60379224058618,0.142125023357115,0.254082736056705
0.261608619081173,0.378820208309948,0.359571172608879
0.40380742656551,0.344862186274638,0.251330387159852
0.306644154255233,0.479615946343188,0.213739899401579
0.711876074936381,0.144251032497742,0.143872892565877
0.306919974973101,0.245907447207228,0.447172577819672
0.589163193539191,0.175056492796765,0.235780313664045
0.317637144686189,0.19167723138377,0.49068562393004
0.296226030637941,0.51237440461314,0.19139956474892
0.672819626220087,0.162043327340927,0.165137046438986
0.356838045225075,0.331674569388645,0.31148738538628
0.295792015109923,0.284715939186395,0.419492045703682
0.520495034991423,0.31708916178503,0.162415803223548
0.624447122012947,0.120461947140703,0.25509093084635
0.400551113112058,0.303266420981991,0.296182465905949
0.467626175856773,0.322541695424391,0.209832128718835
0.374612562700256,0.418891008290089,0.206496429009656
0.295666622909794,0.469088034397419,0.235245342692786
0.464906938501765,0.346235586198248,0.188857475299987
0.548876947349955,0.235462786280883,0.215660266369162
0.388245733866664,0.264512705720654,0.347241560412681
0.377831048317726,0.457434302680563,0.16473464900171
0.561682800747935,0.246019661705677,0.192297537546389
0.347904839195506,0.458014181332461,0.194080979472034
0.694777712309033,0.204323290271533,0.100898997419434
0.595575884460633,0.108256021606345,0.296168093933023
0.430670537003956,0.285925390508734,0.283404072487311
0.62350055010464,0.173441558679022,0.203057891216339
0.541993042060155,0.228682117539671,0.229324840400174
0.672611991143622,0.142751803015358,0.184636205841019
0.344705666017228,0.317723185294761,0.337571148688011
0.326352271044011,0.457974904118967,0.215672824837022
0.592448644627874,0.263740132465037,0.143811222907088
0.294647467537922,0.357388571570988,0.34796396089109
0.622589042197044,0.15171257141852,0.225698386384437
0.306095434046718,0.273945551423059,0.419959014530222
0.309076337718483,0.326351754501946,0.364571907779571
0.2774653620936,0.244911599100126,0.477623038806275
0.407465975020102,0.317315921670229,0.275218103309668
0.365248889797968,0.336250416459449,0.298500693742584
0.510767376864173,0.326344894914813,0.162887728221015
0.35340771101789,0.236764588018039,0.409827700964071
0.260068209034288,0.23198841432224,0.507943376643473
0.355651984631605,0.255775631938381,0.388572383430015
0.702699982656886,0.192764706004538,0.104535311338576
0.386137871727528,0.419845462519096,0.194016665753376
0.520596456264424,0.27376199208223,0.205641551653346
0.2767459960765,0.193752777717243,0.529501226206256
0.260846999144249,0.264136973965055,0.475016026890696
0.306448285123061,0.191812898361098,0.501738816515841
0.590833260991722,0.250978394667033,0.158188344341245
0.739807155466685,0.125048902694731,0.135143941838582
0.318000274261552,0.407779748387616,0.274219977350831
0.346697410400554,0.30487941394917,0.348423175650277
0.570561775202688,0.155326472724959,0.274111752072354
0.58335513567542,0.296272161480957,0.120372702843623
0.261183533819957,0.411749543658173,0.327066922521869
0.266161418761646,0.50741246722623,0.226426114012123
0.57973736810572,0.215848883578689,0.204413748315591
0.506827548771238,0.133428077695619,0.359744373533143
0.338180310710049,0.377461313551239,0.284358375738712
0.476672133598132,0.337093689421177,0.186234176980691
0.399192232191202,0.385535446631145,0.215272321177652
0.293718133990423,0.34752836826485,0.358753497744727
0.418839287574228,0.307746985047839,0.273413727377932
0.582491453881692,0.27470067467394,0.142807871444369
0.530026303714411,0.255058674372609,0.214915021912981
0.683714817797212,0.205093518309822,0.111191663892965
0.641195271383817,0.183783976182145,0.175020752434039
0.283685758437319,0.432725972977313,0.283588268585367
0.419279972543967,0.194178540283756,0.386541487172278
0.41302995520498,0.321946684072436,0.265023360722584
0.650957808461283,0.254138894142626,0.0949032973960915
0.307123578405508,0.223973093194842,0.468903328399651
0.681794659841106,0.173678269477395,0.144527070681499
0.336895101715579,0.182308494147342,0.480796404137078
0.457524121592162,0.270226510240051,0.272249368167786
0.345472404608146,0.478892789696403,0.175634805695453
0.316757224914309,0.345431777763525,0.337810997322164
0.490514118023054,0.205250725632608,0.304235156344338
0.500014358782589,0.144349241680445,0.355636399536966
0.457594527696096,0.281043422419014,0.26136204988489
0.308038032549733,0.306662645293375,0.385299322156892
0.338001373671811,0.437701748728228,0.224296877599961
0.285485312078016,0.213655591515497,0.500859096406487
0.651420673002035,0.0980841640938926,0.250495162904072
0.488059740984755,0.37488334057662,0.137056918438625
0.499295769016743,0.195715105741015,0.304989125242242
0.396962180281877,0.159485495813427,0.443552323904695
0.328307483132197,0.405348895925379,0.266343620942425
0.51504398092255,0.20354324288386,0.281412776193589
0.438724288225854,0.20255419853624,0.358721513237906
0.316377045524413,0.458153201151469,0.225469753324117
0.428628066416323,0.3997568004238,0.171615133159876
0.693121879942149,0.0849782866396645,0.221899833418187
0.375777438659869,0.296586777426923,0.327635783913208
0.511497620749735,0.140647955559023,0.347854423691242
0.32626074744688,0.260291717267848,0.413447535285272
0.316107844109698,0.437223562596317,0.246668593293985
0.347747703402973,0.398121313941073,0.254130982655955
0.488717346910334,0.228694373073012,0.282588280016654
0.602931123013343,0.288567551792747,0.10850132519391
0.313202773296583,0.262512862184966,0.424284364518451
0.357353651580575,0.213471307798157,0.429175040621267
0.428780971562742,0.172815718090304,0.398403310346954
0.550668533171721,0.182383157344376,0.266948309483903
0.285654483442762,0.419738324993283,0.294607191563954
0.67044930010086,0.0998042920164232,0.229746407882718
0.55177906835632,0.269866395872915,0.178354535770765
0.661376453444448,0.122310793880762,0.21631275267479
0.614103702282323,0.132266327923172,0.253629969794505
0.673045009577617,0.131506808989969,0.195448181432415
0.515552329506444,0.214215387890351,0.270232282603204
0.347478372326065,0.447761782326422,0.204759845347513
0.494947220570572,0.235157113853389,0.269895665576038
0.580886789622922,0.225343824301888,0.19376938607519
0.478295407269549,0.226638951413357,0.295065641317095
0.410543782369985,0.238342628017817,0.351113589612197
0.306712019163819,0.468303230077595,0.224984750758586
0.267703937559501,0.304000984151666,0.428295078288834
0.717517235445595,0.204699526705656,0.0777832378487494
0.561129304387621,0.320355255632564,0.118515439979817
0.346919834377186,0.346562808491023,0.30651735713179
0.550972523941337,0.307687441225623,0.14134003483304
0.392192291261326,0.189525118451361,0.418282590287314
0.611023405608682,0.184230964586381,0.204745629804937
0.641356936575143,0.244230539587152,0.114412523837705
0.272594237121529,0.351797715842538,0.375608047035932
0.367959175926464,0.182948022481306,0.44909280159223
0.284572891277506,0.388322166210272,0.32710494251222
0.361405995677855,0.242781305181927,0.395812699140218
0.380016229563431,0.223855415378155,0.396128355058414
0.273730034056381,0.277893327565878,0.448376638377741
0.313092939858943,0.495602045591609,0.191305014549448
0.286955908831983,0.489629380123911,0.223414711044107
0.408609352947217,0.27520957043571,0.316181076617072
0.733919495348273,0.164462398689844,0.101618105961883
0.345755446778605,0.264398204319526,0.389846348901869
0.693636113371173,0.12121185902943,0.185152027599396
0.427670004415817,0.326998741984,0.245331253600182
0.296062628180528,0.192033251573133,0.511904120246339
0.439789567472827,0.161785978631715,0.398424453895457
0.739819085258524,0.176135516362705,0.084045398378772
0.388433321316268,0.453167567605196,0.158399111078537
0.259512759859442,0.489060376440517,0.25142686370004
0.483980609453716,0.174987840867521,0.341031549678762
0.582678995751433,0.12058991620733,0.296731088041237
0.540922179244588,0.122228686755242,0.336849134000169
0.419648839100489,0.223462695004857,0.356888465894654
0.652787602502592,0.194233300593118,0.15297909690429
0.715371608326728,0.184735340112744,0.0998930515605291
